
PAFTA_KOSE =

                         1                      39,5                        37
                         2                        40                        37
                         3                        40                      37,5
                         4                      39,5                      37,5

--------------------------------
KENAR =

                         1                         2               55514,91677                         0                         0                         0
                         3                         4               55514,91677                         0                         0                         0
                         2                         3                         0               42696,92848                42696,8725                   0,05598
                         1                         4                         0               43006,70953               43006,65431                   0,05521

--------------------------------
ALAN =

                         1                         2                         3                         4                 2378,9302                   0,00238                   0,23789                   2,37893

--------------------------------
AGIRLIK =

                         1                         2                         3                         4               6386884,121               6361540,784               6374199,857

--------------------------------
JEOCENTRIC =

                         1               3935840,227               2965868,344               4035303,519
                         2                3907490,03               2944504,938               4077985,572
                         3               3881645,918                2978491,67               4077985,572
                         4               3909808,607               3000101,662               4035303,519

