
PAFTA_KOSE =

                         1                      39,5                        37
                         5                     39,75                        37
                         9                     39,75                     37,25
                         8                      39,5                     37,25
                         5                     39,75                        37
                         2                        40                        37
                         6                        40                     37,25
                         9                     39,75                     37,25
                         9                     39,75                     37,25
                         6                        40                     37,25
                         3                        40                      37,5
                         7                     39,75                      37,5
                         8                      39,5                     37,25
                         9                     39,75                     37,25
                         7                     39,75                      37,5
                         4                      39,5                      37,5

--------------------------------
KENAR =

                         1                         5               27756,85884                         0                         0                         0
                         9                         8               27756,85884                         0                         0                         0
                         5                         9                         0               21426,11433               21426,10738                   0,00695
                         1                         8                         0               21503,35476               21503,34786                    0,0069
                         5                         2               27758,05793                         0                         0                         0
                         6                         9               27758,05793                         0                         0                         0
                         2                         6                         0               21348,46424               21348,45724                     0,007
                         5                         9                         0               21426,11433               21426,10738                   0,00695
                         9                         6               27758,05793                         0                         0                         0
                         3                         7               27758,05793                         0                         0                         0
                         6                         3                         0               21348,46424               21348,45724                     0,007
                         9                         7                         0               21426,11433               21426,10738                   0,00695
                         8                         9               27756,85884                         0                         0                         0
                         7                         4               27756,85884                         0                         0                         0
                         9                         7                         0               21426,11433               21426,10738                   0,00695
                         8                         4                         0               21503,35476               21503,34786                    0,0069

--------------------------------
ALAN =

                         1                         5                         9                         8                 595,79455                    0,0006                   0,05958                   0,59579
                         5                         2                         6                         9                 593,67055                   0,00059                   0,05937                   0,59367
                         9                         6                         3                         7                 593,67055                   0,00059                   0,05937                   0,59367
                         8                         9                         7                         4                 595,79455                    0,0006                   0,05958                   0,59579

--------------------------------
AGIRLIK =

                         1                         5                         9                         8               6386838,156               6361403,436               6374108,109
                         5                         2                         6                         9               6386930,125               6361678,249               6374291,682
                         9                         6                         3                         7               6386930,125               6361678,249               6374291,682
                         8                         9                         7                         4               6386838,156               6361403,436               6374108,109

--------------------------------
JEOCENTRIC =

                         1               3935840,227               2965868,344               4035303,519
                         5               3921702,618               2955214,891               4056682,808
                         9                3908770,77               2972298,361               4056682,808
                         8                3922861,76               2983013,399               4035303,519
                         5               3921702,618               2955214,891               4056682,808
                         2                3907490,03               2944504,938               4077985,572
                         6               3894605,048               2961526,496               4077985,572
                         9                3908770,77               2972298,361               4056682,808
                         9                3908770,77               2972298,361               4056682,808
                         6               3894605,048               2961526,496               4077985,572
                         3               3881645,918                2978491,67               4077985,572
                         7               3895764,504               2989325,243               4056682,808
                         8                3922861,76               2983013,399               4035303,519
                         9                3908770,77               2972298,361               4056682,808
                         7               3895764,504               2989325,243               4056682,808
                         4               3909808,607               3000101,662               4035303,519

