
PAFTA_KOSE =

                         1                      39,5                        37
                        10                    39,625                        37
                        18                    39,625                    37,125
                        17                      39,5                    37,125
                        10                    39,625                        37
                         5                     39,75                        37
                        19                     39,75                    37,125
                        18                    39,625                    37,125
                        18                    39,625                    37,125
                        19                     39,75                    37,125
                         9                     39,75                     37,25
                        25                    39,625                     37,25
                        17                      39,5                    37,125
                        18                    39,625                    37,125
                        25                    39,625                     37,25
                         8                      39,5                     37,25
                         5                     39,75                        37
                        11                    39,875                        37
                        20                    39,875                    37,125
                        19                     39,75                    37,125
                        11                    39,875                        37
                         2                        40                        37
                        12                        40                    37,125
                        20                    39,875                    37,125
                        20                    39,875                    37,125
                        12                        40                    37,125
                         6                        40                     37,25
                        21                    39,875                     37,25
                        19                     39,75                    37,125
                        20                    39,875                    37,125
                        21                    39,875                     37,25
                         9                     39,75                     37,25
                         9                     39,75                     37,25
                        21                    39,875                     37,25
                        22                    39,875                    37,375
                        23                     39,75                    37,375
                        21                    39,875                     37,25
                         6                        40                     37,25
                        13                        40                    37,375
                        22                    39,875                    37,375
                        22                    39,875                    37,375
                        13                        40                    37,375
                         3                        40                      37,5
                        14                    39,875                      37,5
                        23                     39,75                    37,375
                        22                    39,875                    37,375
                        14                    39,875                      37,5
                         7                     39,75                      37,5
                         8                      39,5                     37,25
                        25                    39,625                     37,25
                        24                    39,625                    37,375
                        16                      39,5                    37,375
                        25                    39,625                     37,25
                         9                     39,75                     37,25
                        23                     39,75                    37,375
                        24                    39,625                    37,375
                        24                    39,625                    37,375
                        23                     39,75                    37,375
                         7                     39,75                      37,5
                        15                    39,625                      37,5
                        16                      39,5                    37,375
                        24                    39,625                    37,375
                        15                    39,625                      37,5
                         4                      39,5                      37,5

--------------------------------
