
PAFTA_KOSE =

                         1                      39,5                        37
                         5                     39,75                        37
                         9                     39,75                     37,25
                         8                      39,5                     37,25
                         5                     39,75                        37
                         2                        40                        37
                         6                        40                     37,25
                         9                     39,75                     37,25
                         9                     39,75                     37,25
                         6                        40                     37,25
                         3                        40                      37,5
                         7                     39,75                      37,5
                         8                      39,5                     37,25
                         9                     39,75                     37,25
                         7                     39,75                      37,5
                         4                      39,5                      37,5

--------------------------------
KENAR =

                         1                         5                 27757,641                         0                         0                         0
                         9                         8                 27757,641                         0                         0                         0
                         5                         9                         0               21427,08178               21427,07483                   0,00695
                         1                         8                         0               21504,32439               21504,31749                    0,0069
                         5                         2                27758,8452                         0                         0                         0
                         6                         9                27758,8452                         0                         0                         0
                         2                         6                         0               21349,42949               21349,42249                     0,007
                         5                         9                         0               21427,08178               21427,07483                   0,00695
                         9                         6                27758,8452                         0                         0                         0
                         3                         7                27758,8452                         0                         0                         0
                         6                         3                         0               21349,42949               21349,42249                     0,007
                         9                         7                         0               21427,08178               21427,07483                   0,00695
                         8                         9                 27757,641                         0                         0                         0
                         7                         4                 27757,641                         0                         0                         0
                         9                         7                         0               21427,08178               21427,07483                   0,00695
                         8                         4                         0               21504,32439               21504,31749                    0,0069

--------------------------------
ALAN =

                         1                         5                         9                         8                 595,83822                    0,0006                   0,05958                   0,59584
                         5                         2                         6                         9                 593,71422                   0,00059                   0,05937                   0,59371
                         9                         6                         3                         7                 593,71422                   0,00059                   0,05937                   0,59371
                         8                         9                         7                         4                 595,83822                    0,0006                   0,05958                   0,59584

--------------------------------
AGIRLIK =

                         1                         5                         9                         8               6387126,346               6361582,693               6374341,725
                         5                         2                         6                         9               6387218,709               6361858,678               6374526,082
                         9                         6                         3                         7               6387218,709               6361858,678               6374526,082
                         8                         9                         7                         4               6387126,346               6361582,693               6374341,725

--------------------------------
JEOCENTRIC =

                         1               3936017,702               2966002,081               4035370,546
                         5               3921879,695               2955348,328               4056750,437
                         9               3908947,262               2972432,569               4056750,437
                         8                3923038,65               2983147,909               4035370,546
                         5               3921879,695               2955348,328               4056750,437
                         2               3907666,703               2944638,071               4078053,805
                         6               3894781,138               2961660,398               4078053,805
                         9               3908947,262               2972432,569               4056750,437
                         9               3908947,262               2972432,569               4056750,437
                         6               3894781,138               2961660,398               4078053,805
                         3               3881821,423                2978626,34               4078053,805
                         7                3895940,41                2989460,22               4056750,437
                         8                3923038,65               2983147,909               4035370,546
                         9               3908947,262               2972432,569               4056750,437
                         7                3895940,41                2989460,22               4056750,437
                         4               3909984,908               3000236,943               4035370,546

