
PAFTA_KOSE =

                         1                      39,5                        37
                         2                        40                        37
                         3                        40                      37,5
                         4                      39,5                      37,5

--------------------------------
KENAR =

                         1                         2                55516,4862                         0                         0                         0
                         3                         4                55516,4862                         0                         0                         0
                         2                         3                         0               42698,85898                 42698,803                   0,05598
                         1                         4                         0               43008,64878               43008,59357                   0,05522

--------------------------------
ALAN =

                         1                         2                         3                         4                2379,10487                   0,00238                   0,23791                    2,3791

--------------------------------
AGIRLIK =

                         1                         2                         3                         4               6387172,508               6361720,628               6374433,865

--------------------------------
JEOCENTRIC =

                         1               3936017,702               2966002,081               4035370,546
                         2               3907666,703               2944638,071               4078053,805
                         3               3881821,423                2978626,34               4078053,805
                         4               3909984,908               3000236,943               4035370,546

